S1B_OPER_AUX_POEORB_OPOD_20210330T153215_V20190612T225942_20190614T005942.EOF.zip
