S1A_OPER_AUX_RESORB_OPOD_20250419T014127_V20250418T215103_20250419T010833.EOF.zip
S1A_OPER_AUX_RESORB_OPOD_20250419T032720_V20250418T232947_20250419T024717.EOF.zip
S1A_OPER_AUX_RESORB_OPOD_20250419T050719_V20250419T010832_20250419T042602.EOF.zip
S1A_OPER_AUX_RESORB_OPOD_20250419T071031_V20250419T024716_20250419T060446.EOF.zip
S1A_OPER_AUX_RESORB_OPOD_20250419T082424_V20250419T042601_20250419T074331.EOF.zip
S1A_OPER_AUX_RESORB_OPOD_20250419T100043_V20250419T060445_20250419T092215.EOF.zip
S1A_OPER_AUX_RESORB_OPOD_20250419T113729_V20250419T074330_20250419T110100.EOF.zip
S1A_OPER_AUX_RESORB_OPOD_20250419T131536_V20250419T092215_20250419T123945.EOF.zip
S1A_OPER_AUX_RESORB_OPOD_20250419T144329_V20250419T110059_20250419T141829.EOF.zip
S1A_OPER_AUX_RESORB_OPOD_20250419T162528_V20250419T123944_20250419T155714.EOF.zip
S1A_OPER_AUX_RESORB_OPOD_20250419T175721_V20250419T141828_20250419T173558.EOF.zip
S1A_OPER_AUX_RESORB_OPOD_20250419T193746_V20250419T155713_20250419T191443.EOF.zip
S1A_OPER_AUX_RESORB_OPOD_20250419T212640_V20250419T173558_20250419T205328.EOF.zip
S1A_OPER_AUX_RESORB_OPOD_20250419T230644_V20250419T191442_20250419T223212.EOF.zip
S1A_OPER_AUX_RESORB_OPOD_20250420T004235_V20250419T205327_20250420T001057.EOF.zip
S1A_OPER_AUX_RESORB_OPOD_20250420T022232_V20250419T223211_20250420T014941.EOF.zip
