S1B_OPER_AUX_POEORB_OPOD_20210318T142045_V20201210T225942_20201212T005942.EOF.zip
