S1A_OPER_AUX_POEORB_OPOD_20210314T042258_V20161009T225943_20161011T005943.EOF.zip
